official_seed0.stdout: 52 val points
official_seed1.stdout: 52 val points
official_seed2.stdout: 52 val points
official_seed3.stdout: 52 val points
official_seed4.stdout: 52 val points
official_seed5.stdout: 52 val points
official_seed6.stdout: 52 val points
official_seed7.stdout: 52 val points

n=8 runs, 52 common val steps
  step       mean       sig      per-seed
  2000   3.382802  -0.29077      3.38252 3.38267 3.38295 3.38172 3.38465 3.38214 3.38216 3.38361
  2125   3.332659  -0.14894      3.33206 3.33254 3.33268 3.33171 3.33456 3.33198 3.33211 3.33363
  2250   3.312314  -0.09140      3.31159 3.31225 3.31222 3.31136 3.31426 3.31152 3.31186 3.31345
  2375   3.299094  -0.05401      3.29831 3.29908 3.29906 3.29815 3.30100 3.29826 3.29857 3.30032
  2500   3.288485  -0.02400      3.28767 3.28838 3.28842 3.28756 3.29044 3.28763 3.28800 3.28978
  2600   3.281575  -0.00445      3.28076 3.28152 3.28152 3.28066 3.28351 3.28066 3.28108 3.28289
  2605   3.281285  -0.00363      3.28046 3.28124 3.28123 3.28038 3.28322 3.28036 3.28079 3.28260
  2610   3.280980  -0.00277      3.28016 3.28093 3.28093 3.28007 3.28290 3.28007 3.28048 3.28230
  2615   3.280679  -0.00192      3.27987 3.28065 3.28061 3.27976 3.28260 3.27976 3.28017 3.28201
  2620   3.280351  -0.00099      3.27951 3.28033 3.28027 3.27945 3.28229 3.27944 3.27986 3.28166
  2625   3.280045  -0.00013      3.27920 3.28003 3.27996 3.27915 3.28198 3.27913 3.27953 3.28138
  2630   3.279723   0.00078      3.27889 3.27970 3.27965 3.27882 3.28164 3.27880 3.27923 3.28105
  2635   3.279419   0.00164      3.27857 3.27942 3.27935 3.27849 3.28134 3.27850 3.27892 3.28076
  2640   3.279109   0.00252      3.27826 3.27910 3.27903 3.27818 3.28104 3.27819 3.27862 3.28045
  2645   3.278795   0.00341      3.27795 3.27881 3.27870 3.27786 3.28073 3.27787 3.27831 3.28013
  2650   3.278535   0.00414 PASS 3.27770 3.27854 3.27845 3.27760 3.28047 3.27761 3.27805 3.27986
  2655   3.278214   0.00505 PASS 3.27738 3.27821 3.27812 3.27727 3.28016 3.27730 3.27772 3.27955
  2660   3.277936   0.00584 PASS 3.27710 3.27793 3.27785 3.27699 3.27987 3.27704 3.27744 3.27927
  2665   3.277634   0.00669 PASS 3.27681 3.27764 3.27754 3.27668 3.27957 3.27672 3.27714 3.27897
  2670   3.277360   0.00747 PASS 3.27652 3.27738 3.27726 3.27644 3.27928 3.27644 3.27687 3.27869
  2675   3.277076   0.00827 PASS 3.27625 3.27710 3.27697 3.27615 3.27900 3.27616 3.27657 3.27841
  2680   3.276819   0.00900 PASS 3.27598 3.27684 3.27672 3.27589 3.27874 3.27590 3.27632 3.27816
  2685   3.276546   0.00977 PASS 3.27572 3.27658 3.27644 3.27562 3.27847 3.27562 3.27605 3.27787
  2690   3.276288   0.01050 PASS 3.27545 3.27631 3.27620 3.27537 3.27822 3.27536 3.27577 3.27762
  2695   3.276048   0.01118 PASS 3.27523 3.27607 3.27594 3.27512 3.27797 3.27512 3.27555 3.27738
  2700   3.275814   0.01184 PASS 3.27500 3.27584 3.27572 3.27487 3.27774 3.27489 3.27530 3.27715
  2705   3.275544   0.01260 PASS 3.27473 3.27555 3.27545 3.27461 3.27746 3.27461 3.27505 3.27689
  2710   3.275304   0.01328 PASS 3.27449 3.27531 3.27521 3.27438 3.27723 3.27437 3.27480 3.27664
  2715   3.275075   0.01393 PASS 3.27427 3.27508 3.27497 3.27415 3.27701 3.27414 3.27458 3.27640
  2720   3.274829   0.01463 PASS 3.27402 3.27484 3.27474 3.27390 3.27676 3.27388 3.27433 3.27616
  2725   3.274629   0.01519 PASS 3.27382 3.27465 3.27451 3.27370 3.27656 3.27368 3.27415 3.27596
  2730   3.274411   0.01581 PASS 3.27361 3.27442 3.27430 3.27348 3.27634 3.27347 3.27393 3.27574
  2735   3.274191   0.01643 PASS 3.27339 3.27420 3.27408 3.27326 3.27612 3.27324 3.27371 3.27553
  2740   3.274001   0.01697 PASS 3.27318 3.27400 3.27389 3.27308 3.27593 3.27306 3.27352 3.27535
  2745   3.273799   0.01754 PASS 3.27299 3.27381 3.27369 3.27288 3.27572 3.27284 3.27331 3.27515
  2750   3.273605   0.01809 PASS 3.27280 3.27361 3.27350 3.27268 3.27552 3.27265 3.27311 3.27497

first passing step: 2650
